	Subject	Session	Mean FCI Accuracy	Mean Control Accuracy	Mean FCI RT	Mean Control RT	Mean FCI Screen1 RT	Mean FCI Screen2 RT	Mean FCI Screen3 RT	Mean Control Screen1 RT	Mean Control Screen2 RT	Mean Control Screen3 RT	Gender	Class	Group
0	101	session-0	0.333333	0.888889	20889.666667	18146.111111	7194.111111	6198.0	7497.555556	7245.444444	2817.666667	8083.0	F	Trad	F_Trad
1	101	session-1	0.444444	1.0	15754.111111	15741.888889	5844.777778	4764.888889	5144.444444	6333.777778	3370.111111	6038.0	F	Trad	F_Trad
2	102	session-0	0.222222	0.888889	18121.111111	15907.111111	7461.777778	4093.555556	6565.777778	6357.888889	2415.777778	7133.444444	M	Mod	M_Mod
3	102	session-1	0.555556	1.0	17289.0	16284.555556	4861.111111	4589.555556	7838.333333	5885.888889	2055.666667	8343.0	M	Mod	M_Mod
4	103	session-0	0.444444	1.0	20477.666667	14463.555556	5530.777778	5820.0	9126.888889	5617.777778	1953.222222	6892.555556	M	Trad	M_Trad
5	103	session-1	0.777778	1.0	23510.333333	17462.0	5650.444444	5421.222222	12438.666667	5695.666667	2634.555556	9131.777778	M	Trad	M_Trad
6	104	session-0	0.444444	0.888889	29051.888889	18738.444444	10098.0	10530.444444	8423.444444	7480.777778	3853.222222	7404.444444	F	Mod	F_Mod
7	104	session-1	0.555556	1.0	20007.0	16993.666667	8777.555556	6751.0	4478.444444	8680.333333	2781.444444	5531.888889	F	Mod	F_Mod
8	106	session-0	0.333333	1.0	17367.333333	12109.333333	6488.0	3731.0	7148.333333	5305.333333	2185.444444	4618.555556	M	Mod	M_Mod
9	106	session-1	0.333333	1.0	20949.111111	14654.777778	6630.555556	5566.666667	8751.888889	6308.777778	2677.666667	5668.333333	M	Mod	M_Mod
10	107	session-0	0.333333	1.0	23110.555556	16381.666667	7587.888889	5399.666667	10123.0	6523.111111	2144.888889	7713.666667	F	Trad	F_Trad
11	107	session-1	0.444444	1.0	20025.222222	15737.444444	5463.222222	4553.666667	10008.333333	5832.0	2903.777778	7001.666667	F	Trad	F_Trad
12	108	session-0	0.444444	1.0	20161.555556	16219.666667	7886.333333	4666.444444	7608.777778	6897.777778	2700.333333	6621.555556	F	Trad	F_Trad
13	108	session-1	0.555556	1.0	22317.666667	17648.888889	7354.333333	4847.0	10116.333333	7920.111111	2703.555556	7025.222222	F	Trad	F_Trad
14	110	session-0	0.222222	1.0	15039.333333	13570.111111	5341.222222	3811.555556	5886.555556	5712.888889	2420.333333	5436.888889	M	Trad	M_Trad
15	110	session-1	0.777778	1.0	20518.0	13104.333333	6056.333333	4356.444444	10105.222222	5784.222222	1972.777778	5347.333333	M	Trad	M_Trad
16	212	session-0	0.333333	1.0	26136.222222	21012.333333	7909.444444	4726.0	13500.777778	8362.666667	3082.555556	9567.111111	M	Trad	M_Trad
17	212	session-1	0.777778	0.888889	22224.444444	21746.444444	6446.777778	4869.555556	10908.111111	7638.666667	3800.333333	10307.444444	M	Trad	M_Trad
18	213	session-0	0.333333	1.0	20712.222222	14020.222222	7024.222222	7200.111111	6487.888889	7046.777778	2524.888889	4448.555556	F	Trad	F_Trad
19	214	session-0	0.222222	0.888889	18095.444444	13719.0	7167.0	4149.333333	6779.111111	6796.777778	2339.555556	4582.666667	F	Mod	F_Mod
20	214	session-1	0.555556	1.0	15262.777778	14867.444444	5692.888889	4607.333333	4962.555556	6103.777778	2300.333333	6463.333333	F	Mod	F_Mod
21	215	session-0	0.555556	1.0	20502.222222	13639.666667	6271.333333	4603.777778	9627.111111	5948.333333	2079.444444	5611.888889	M	Mod	M_Mod
22	215	session-1	0.555556	1.0	17362.555556	14346.777778	6666.777778	3515.333333	7180.444444	6531.333333	2381.111111	5434.333333	M	Mod	M_Mod
23	216	session-0	0.444444	0.777778	14805.111111	12069.444444	4466.333333	4904.333333	5434.444444	4674.666667	3011.222222	4383.555556	F	Trad	F_Trad
24	216	session-1	0.555556	1.0	15742.666667	12181.333333	4624.666667	4233.222222	6884.777778	4730.777778	2569.777778	4880.777778	F	Trad	F_Trad
25	217	session-0	0.666667	1.0	18656.222222	15409.0	7705.333333	5651.666667	5299.222222	7811.222222	2867.888889	4729.888889	M	Trad	M_Trad
26	217	session-1	0.888889	1.0	17559.111111	14810.0	6486.444444	5655.333333	5417.333333	6656.777778	2062.777778	6090.444444	M	Trad	M_Trad
27	218	session-0	0.222222	1.0	21542.333333	18232.444444	7992.444444	4902.777778	8647.111111	7998.777778	3309.444444	6924.222222	F	Trad	F_Trad
28	218	session-1	0.555556	0.888889	21071.222222	22689.777778	8095.555556	5379.555556	7596.111111	9091.888889	4996.333333	8601.555556	F	Trad	F_Trad
29	219	session-0	0.777778	1.0	18851.333333	14494.0	6773.333333	5129.333333	6948.666667	6790.555556	2984.777778	4718.666667	M	Trad	M_Trad
30	219	session-1	0.777778	1.0	16643.0	14009.777778	6506.222222	4571.0	5565.777778	6683.666667	2521.222222	4804.888889	M	Trad	M_Trad
31	320	session-0	0.222222	0.777778	21531.777778	16618.444444	8149.888889	4927.777778	8454.111111	7665.555556	3740.444444	5212.444444	F	Trad	F_Trad
32	320	session-1	0.333333	1.0	26446.888889	21292.777778	8468.777778	6837.666667	11140.444444	9763.444444	3187.777778	8341.555556	F	Trad	F_Trad
33	321	session-0	0.333333	1.0	24482.777778	18012.555556	9671.111111	8249.888889	6561.777778	8778.222222	2284.888889	6949.444444	F	Mod	F_Mod
34	321	session-1	0.555556	1.0	20185.333333	16963.222222	6181.777778	4645.333333	9358.222222	6012.333333	3690.0	7260.888889	F	Mod	F_Mod
35	322	session-0	0.0	1.0	30915.222222	21737.333333	11028.777778	8434.333333	11452.111111	10265.222222	3157.333333	8314.777778	F	Trad	F_Trad
36	323	session-0	0.333333	1.0	19800.555556	17758.111111	6449.111111	4643.444444	8708.0	6592.555556	2990.777778	8174.777778	F	Trad	F_Trad
37	323	session-1	0.777778	1.0	21023.444444	17290.777778	4569.777778	5334.111111	11119.555556	6185.555556	1887.222222	9218.0	F	Trad	F_Trad
38	324	session-0	0.111111	0.777778	17861.0	15216.0	6422.888889	5176.888889	6261.222222	6649.888889	3156.333333	5409.777778	F	Mod	F_Mod
39	324	session-1	0.444444	1.0	17052.0	13445.111111	6269.888889	4831.777778	5950.333333	6344.666667	3022.555556	4077.888889	F	Mod	F_Mod
40	325	session-0	0.333333	1.0	18852.111111	12554.444444	5804.0	4325.222222	8722.888889	4777.333333	2561.444444	5215.666667	M	Mod	M_Mod
41	325	session-1	0.777778	1.0	21633.333333	15645.777778	5938.333333	5980.888889	9714.111111	5706.666667	3679.555556	6259.555556	M	Mod	M_Mod
42	327	session-0	0.555556	1.0	19689.333333	15355.333333	6215.777778	5397.444444	8076.111111	6038.111111	2029.777778	7287.444444	M	Trad	M_Trad
43	327	session-1	0.666667	1.0	24042.111111	17376.111111	6658.444444	5826.333333	11557.333333	7872.0	3015.555556	6488.555556	M	Trad	M_Trad
44	328	session-0	0.333333	1.0	17518.333333	13221.888889	5520.666667	4256.777778	7740.888889	4831.666667	2095.666667	6294.555556	F	Trad	F_Trad
45	328	session-1	0.444444	1.0	16751.222222	13007.444444	5952.888889	5183.333333	5615.0	5774.555556	2428.222222	4804.666667	F	Trad	F_Trad
46	329	session-0	0.222222	1.0	22957.555556	19803.666667	10259.222222	5978.222222	6720.111111	9550.777778	3825.555556	6427.333333	F	Trad	F_Trad
47	330	session-0	0.333333	1.0	26640.777778	17055.777778	7235.444444	6783.333333	12622.0	6271.555556	2619.777778	8164.444444	F	Trad	F_Trad
48	330	session-1	0.777778	1.0	24248.222222	20838.0	6090.333333	6059.666667	12098.222222	6679.0	2885.333333	11273.666667	F	Trad	F_Trad
49	331	session-0	0.555556	1.0	32614.666667	18515.0	9149.444444	8620.555556	14844.666667	8694.222222	3154.666667	6666.111111	F	Trad	F_Trad
50	331	session-1	0.444444	1.0	22054.111111	14151.222222	7162.555556	6569.0	8322.555556	6766.333333	1955.666667	5429.222222	F	Trad	F_Trad
51	332	session-0	0.888889	1.0	25673.111111	16416.444444	9034.0	8228.555556	8410.555556	8054.444444	2937.555556	5424.444444	M	Mod	M_Mod
52	333	session-0	0.222222	1.0	30863.555556	18640.888889	9274.111111	7485.111111	14104.333333	7469.222222	2782.666667	8389.0	F	Trad	F_Trad
53	333	session-1	0.333333	1.0	16465.888889	14157.444444	6542.0	5563.111111	4360.777778	6401.444444	4037.333333	3718.666667	F	Trad	F_Trad
54	334	session-0	0.444444	1.0	23670.0	17843.222222	8465.666667	4957.555556	10246.777778	8053.777778	3091.777778	6697.666667	M	Mod	M_Mod
55	334	session-1	0.666667	1.0	19149.888889	14179.444444	6859.111111	4132.0	8158.777778	6982.666667	2501.222222	4695.555556	M	Mod	M_Mod
56	335	session-0	0.222222	1.0	20158.888889	15339.333333	7576.555556	6065.222222	6517.111111	6900.666667	2778.111111	5660.555556	M	Mod	M_Mod
57	335	session-1	0.777778	1.0	21801.0	14441.111111	7194.333333	7236.888889	7369.777778	8078.0	2377.888889	3985.222222	M	Mod	M_Mod
58	336	session-0	1.0	1.0	22228.777778	17292.444444	6091.333333	4021.666667	12115.777778	6662.333333	2224.444444	8405.666667	M	Mod	M_Mod
59	336	session-1	0.777778	1.0	15273.666667	12542.111111	5527.111111	3347.666667	6398.888889	5564.333333	2188.444444	4789.333333	M	Mod	M_Mod
60	337	session-0	0.666667	0.888889	14193.0	10653.333333	4453.222222	3600.333333	6139.444444	4634.333333	1903.777778	4115.222222	M	Mod	M_Mod
61	337	session-1	0.777778	1.0	19460.222222	12440.444444	4492.444444	3716.666667	11251.111111	4447.111111	1918.0	6075.333333	M	Mod	M_Mod
62	338	session-0	0.777778	1.0	16855.666667	15072.555556	6754.111111	4459.222222	5642.333333	6478.0	3138.888889	5455.666667	M	Mod	M_Mod
63	338	session-1	0.777778	1.0	15716.111111	13273.222222	6157.0	4308.444444	5250.666667	6170.444444	2620.222222	4482.555556	M	Mod	M_Mod
64	339	session-0	0.444444	1.0	24915.444444	20032.111111	8031.333333	7557.555556	9326.555556	8571.444444	3978.0	7482.666667	F	Mod	F_Mod
65	339	session-1	0.666667	1.0	20198.777778	16445.222222	6092.333333	5106.777778	8999.666667	8561.777778	3147.111111	4736.333333	F	Mod	F_Mod
66	340	session-0	0.666667	1.0	19191.777778	11099.777778	5487.888889	5656.888889	8047.0	4450.0	1908.777778	4741.0	M	Mod	M_Mod
67	340	session-1	0.666667	1.0	21403.666667	12603.111111	4661.222222	4255.666667	12486.777778	4180.666667	1535.333333	6887.111111	M	Mod	M_Mod
68	341	session-0	0.666667	1.0	18549.555556	17736.888889	6817.0	4861.111111	6871.444444	7818.666667	3035.555556	6882.666667	M	Mod	M_Mod
69	341	session-1	0.888889	0.888889	17734.555556	16944.666667	6706.444444	4635.888889	6392.222222	6817.222222	3767.666667	6359.777778	M	Mod	M_Mod
70	342	session-0	0.444444	1.0	25366.0	14794.666667	7771.0	6000.0	11595.0	6352.777778	2353.555556	6088.333333	F	Mod	F_Mod
71	342	session-1	0.555556	1.0	20427.555556	12237.777778	5892.888889	7219.444444	7315.222222	6103.111111	2217.333333	3917.333333	F	Mod	F_Mod
72	343	session-0	0.333333	1.0	18298.333333	17597.0	6619.444444	4609.666667	7069.222222	7418.555556	2805.111111	7373.333333	F	Trad	F_Trad
73	343	session-1	0.444444	1.0	23827.666667	19809.444444	8147.0	6714.111111	8966.555556	8182.0	3250.222222	8377.222222	F	Trad	F_Trad
74	344	session-0	0.222222	1.0	21426.555556	16484.777778	10223.333333	4778.333333	6424.888889	9269.777778	2231.333333	4983.666667	F	Mod	F_Mod
75	344	session-1	0.555556	1.0	20516.111111	17717.666667	8346.0	5667.333333	6502.777778	8854.444444	3140.444444	5722.777778	F	Mod	F_Mod
76	345	session-0	0.444444	0.777778	15125.222222	14306.555556	5282.333333	3727.0	6115.888889	6435.0	2868.777778	5002.777778	F	Mod	F_Mod
77	345	session-1	0.444444	1.0	21100.888889	14299.444444	5369.333333	5398.333333	10333.222222	5435.111111	2591.222222	6273.111111	F	Mod	F_Mod
78	346	session-0	0.555556	1.0	23713.111111	16856.555556	8086.666667	6277.555556	9348.888889	7394.222222	2549.888889	6912.444444	F	Mod	F_Mod
79	346	session-1	0.222222	1.0	22694.0	21526.0	7461.0	6095.333333	9137.666667	8252.444444	3502.333333	9771.222222	F	Mod	F_Mod
80	347	session-0	0.777778	0.888889	22792.111111	17133.222222	7253.111111	5643.444444	9895.555556	7972.777778	2965.333333	6195.111111	M	Mod	M_Mod
81	347	session-1	0.888889	1.0	23366.222222	17049.333333	7633.666667	5362.666667	10369.888889	7973.111111	3968.0	5108.222222	M	Mod	M_Mod
82	348	session-0	0.777778	1.0	17088.777778	12805.111111	4730.0	3388.444444	8970.333333	4972.666667	2122.666667	5709.777778	F	Trad	F_Trad
83	348	session-1	1.0	1.0	19948.777778	12753.777778	4718.666667	4504.888889	10725.222222	5021.555556	1989.111111	5743.111111	F	Trad	F_Trad
84	349	session-0	0.555556	1.0	23730.111111	13987.333333	7516.777778	7500.444444	8712.888889	7090.555556	2889.777778	4007.0	F	Trad	F_Trad
85	349	session-1	0.555556	1.0	17294.0	10681.555556	6098.333333	4686.444444	6509.222222	4341.555556	1995.222222	4344.777778	F	Trad	F_Trad
86	350	session-0	0.222222	1.0	23749.111111	16484.444444	7433.888889	5745.777778	10569.444444	7025.666667	3621.555556	5837.222222	F	Mod	F_Mod
87	350	session-1	0.666667	1.0	21302.777778	15859.555556	6856.555556	5700.111111	8746.111111	7832.222222	3590.222222	4437.111111	F	Mod	F_Mod
88	451	session-0	0.444444	1.0	16098.888889	14794.555556	5550.555556	3819.111111	6729.222222	5736.444444	2624.666667	6433.444444	M	Mod	M_Mod
89	451	session-1	0.777778	1.0	17372.444444	11905.333333	5059.222222	5633.333333	6679.888889	5111.444444	2037.111111	4756.777778	M	Mod	M_Mod
90	452	session-0	0.444444	1.0	21371.555556	16800.444444	7963.555556	5227.444444	8180.555556	7413.333333	3583.222222	5803.888889	F	Trad	F_Trad
91	453	session-0	0.555556	0.888889	17173.222222	15915.333333	6328.777778	4060.555556	6783.888889	6924.111111	2857.444444	6133.777778	M	Trad	M_Trad
92	453	session-1	0.666667	1.0	20130.111111	14324.333333	6740.888889	4063.333333	9325.888889	7133.777778	2013.777778	5176.777778	M	Trad	M_Trad
93	455	session-0	0.333333	0.888889	31252.666667	20367.0	8713.444444	6228.333333	16310.888889	9078.555556	3456.222222	7832.222222	F	Mod	F_Mod
94	455	session-1	0.666667	0.888889	16720.777778	15692.555556	6361.777778	4268.333333	6090.666667	7206.333333	3512.333333	4973.888889	F	Mod	F_Mod
95	456	session-0	0.222222	1.0	16339.333333	10771.666667	6064.666667	4907.555556	5367.111111	5197.666667	2206.666667	3367.333333	F	Trad	F_Trad
96	457	session-0	0.666667	1.0	25412.888889	22878.444444	7841.333333	5750.666667	11820.888889	7677.333333	4303.444444	10897.666667	M	Trad	M_Trad
97	457	session-1	0.666667	1.0	20335.222222	19119.222222	5856.777778	6059.222222	8419.222222	5956.555556	3435.444444	9727.222222	M	Trad	M_Trad
98	458	session-0	0.333333	0.888889	22636.111111	18664.0	8899.0	6226.666667	7510.444444	8824.222222	3105.555556	6734.222222	F	Trad	F_Trad
99	458	session-1	0.555556	1.0	25381.555556	18169.555556	8946.888889	6925.888889	9508.777778	9185.555556	3243.777778	5740.222222	F	Trad	F_Trad
100	459	session-0	0.444444	1.0	17589.444444	14092.111111	6631.777778	4081.222222	6876.444444	5822.555556	2699.111111	5570.444444	M	Mod	M_Mod
101	459	session-1	0.888889	1.0	20500.555556	15756.111111	5296.0	6148.333333	9056.222222	5718.111111	3632.111111	6405.888889	M	Mod	M_Mod
102	460	session-0	0.222222	0.888889	18882.444444	17644.111111	6973.555556	5351.222222	6557.666667	6860.555556	3578.222222	7205.333333	F	Mod	F_Mod
103	460	session-1	0.444444	1.0	16520.333333	12294.666667	6452.555556	4421.0	5646.777778	5126.0	2655.111111	4513.555556	F	Mod	F_Mod
104	462	session-0	0.222222	1.0	18608.333333	15918.111111	5339.333333	5094.777778	8174.222222	5024.555556	2172.0	8721.555556	F	Trad	F_Trad
105	462	session-1	0.222222	1.0	11583.666667	12299.777778	4368.888889	2808.777778	4406.0	4577.111111	1184.0	6538.666667	F	Trad	F_Trad
106	463	session-0	0.444444	1.0	22233.777778	12759.222222	5673.444444	4774.333333	11786.0	5269.777778	1901.444444	5588.0	M	Trad	M_Trad
107	463	session-1	0.777778	1.0	15884.0	10585.0	4207.333333	2833.666667	8843.0	4987.222222	1607.555556	3990.222222	M	Trad	M_Trad
108	464	session-0	0.444444	1.0	28282.666667	21712.0	9425.888889	6605.666667	12251.111111	8453.333333	3721.888889	9536.777778	M	Trad	M_Trad
109	464	session-1	0.444444	0.888889	17531.0	18504.555556	6672.888889	4812.777778	6045.333333	7419.444444	3343.111111	7742.0	M	Trad	M_Trad
110	465	session-0	0.111111	1.0	25484.777778	19612.111111	7207.777778	6851.444444	11425.555556	7087.222222	3277.111111	9247.777778	F	Mod	F_Mod
111	465	session-1	0.333333	1.0	28797.888889	21241.888889	8692.0	8903.666667	11202.222222	8197.777778	3342.777778	9701.333333	F	Mod	F_Mod
112	467	session-0	0.666667	1.0	22088.111111	17970.333333	8706.555556	6815.444444	6566.111111	8047.333333	4442.777778	5480.222222	M	Trad	M_Trad
113	467	session-1	0.777778	1.0	20687.444444	13379.333333	6755.888889	5312.777778	8618.777778	6531.555556	2935.555556	3912.222222	M	Trad	M_Trad
114	468	session-0	0.333333	1.0	24983.0	16631.444444	7130.444444	7010.333333	10842.222222	5738.777778	2379.555556	8513.111111	M	Trad	M_Trad
115	468	session-1	0.555556	1.0	22747.111111	14854.666667	6303.333333	7708.444444	8735.333333	6237.111111	1965.888889	6651.666667	M	Trad	M_Trad
116	469	session-0	0.555556	1.0	23420.777778	18077.222222	8733.888889	7220.444444	7466.444444	7424.666667	4221.888889	6430.666667	M	Mod	M_Mod
117	469	session-1	0.444444	1.0	23684.111111	15968.222222	6718.888889	5051.555556	11913.666667	6758.222222	2899.666667	6310.333333	M	Mod	M_Mod
118	470	session-0	0.444444	1.0	19361.333333	16664.888889	5706.555556	4452.666667	9202.111111	6283.888889	3066.555556	7314.444444	M	Trad	M_Trad
119	470	session-1	0.555556	1.0	19275.888889	14126.888889	5614.222222	4947.0	8714.666667	5794.777778	2752.888889	5579.222222	M	Trad	M_Trad
120	502	session-0	0.333333	1.0	27602.111111	14167.0	6724.555556	5562.444444	15315.111111	5666.333333	2557.888889	5942.777778	F	Mod	F_Mod
121	502	session-1	0.333333	1.0	23903.333333	15386.0	7210.0	6454.555556	10238.777778	6412.666667	2616.555556	6356.777778	F	Mod	F_Mod
122	503	session-0	0.666667	1.0	23166.0	14992.888889	6789.666667	4952.555556	11423.777778	6848.666667	2668.555556	5475.666667	M	Mod	M_Mod
123	503	session-1	0.777778	1.0	16475.222222	11082.666667	4679.666667	4019.777778	7775.777778	4944.555556	2004.777778	4133.333333	M	Mod	M_Mod
124	571	session-0	0.222222	1.0	18852.444444	15576.888889	7477.555556	4372.111111	7002.777778	6624.888889	2816.555556	6135.444444	M	Mod	M_Mod
125	571	session-1	0.222222	1.0	24454.0	17723.444444	6384.222222	5154.0	12915.777778	6048.333333	2950.333333	8724.777778	M	Mod	M_Mod
126	572	session-0	0.444444	1.0	20390.0	17197.333333	8907.444444	4820.333333	6662.222222	8496.333333	3526.222222	5174.777778	F	Mod	F_Mod
127	572	session-1	0.888889	1.0	20206.777778	17394.777778	7561.777778	4867.888889	7777.111111	8763.555556	3127.111111	5504.111111	F	Mod	F_Mod
128	573	session-0	0.0	1.0	21892.666667	16992.222222	7024.333333	6966.888889	7901.444444	7980.111111	3499.555556	5512.555556	F	Mod	F_Mod
129	573	session-1	0.333333	1.0	28737.111111	19542.666667	10161.777778	7464.666667	11110.666667	9947.111111	3164.888889	6430.666667	F	Mod	F_Mod
130	574	session-0	0.444444	1.0	25199.444444	17113.0	6500.0	6467.666667	12231.777778	6423.555556	3427.0	7262.444444	F	Trad	F_Trad
131	574	session-1	0.777778	1.0	26340.111111	15359.0	5260.222222	5703.888889	15376.0	5352.0	3094.444444	6912.555556	F	Trad	F_Trad
132	575	session-0	0.666667	1.0	24670.555556	20664.111111	8363.111111	6157.888889	10149.555556	8214.444444	3897.555556	8552.111111	M	Mod	M_Mod
133	577	session-0	0.444444	1.0	28923.888889	27722.333333	11939.333333	10960.0	6024.555556	12232.666667	10821.666667	4668.0	M	Trad	M_Trad
134	577	session-1	0.555556	1.0	15369.555556	12799.333333	5289.666667	4731.777778	5348.111111	4973.0	2435.555556	5390.777778	M	Trad	M_Trad
135	578	session-0	0.444444	1.0	27652.333333	17818.777778	7602.777778	11849.777778	8199.777778	7672.555556	3521.666667	6624.555556	M	Mod	M_Mod
136	578	session-1	0.444444	1.0	23314.888889	18198.111111	6631.222222	4687.222222	11996.444444	6958.777778	2746.555556	8492.777778	M	Mod	M_Mod
137	579	session-0	0.333333	1.0	12649.555556	11188.222222	4630.0	2689.777778	5329.777778	4519.777778	1799.777778	4868.666667	M	Trad	M_Trad
138	580	session-0	0.444444	1.0	17816.555556	13648.0	6795.111111	4781.111111	6240.333333	5733.777778	2840.222222	5074.0	M	Mod	M_Mod
139	581	session-0	0.666667	1.0	21059.444444	15658.777778	6405.555556	4332.444444	10321.444444	6643.0	2908.444444	6107.333333	M	Trad	M_Trad
140	581	session-1	0.888889	1.0	15353.888889	11926.666667	4604.444444	3303.333333	7446.111111	5239.111111	1910.222222	4777.333333	M	Trad	M_Trad
141	582	session-0	0.333333	1.0	19717.222222	17247.666667	7927.888889	5182.888889	6606.444444	7632.222222	3790.444444	5825.0	F	Mod	F_Mod
142	582	session-1	0.555556	1.0	24200.333333	19093.444444	8450.333333	6065.444444	9684.555556	9507.555556	3516.111111	6069.777778	F	Mod	F_Mod
143	584	session-0	0.333333	1.0	20222.555556	14748.222222	6786.111111	5461.666667	7974.777778	6886.555556	2965.444444	4896.222222	F	Mod	F_Mod
144	584	session-1	0.111111	1.0	17289.0	13711.333333	5504.111111	6161.555556	5623.333333	6230.333333	2823.777778	4657.222222	F	Mod	F_Mod
145	585	session-0	0.555556	1.0	20128.333333	17230.444444	6480.0	4856.111111	8792.222222	8297.888889	2768.888889	6163.666667	M	Mod	M_Mod
146	585	session-1	0.444444	0.888889	20091.333333	16091.333333	6890.111111	4393.0	8808.222222	7805.444444	2896.555556	5389.333333	M	Mod	M_Mod
147	586	session-0	0.666667	1.0	21795.888889	17349.0	5958.333333	4395.0	11442.555556	5709.666667	2803.0	8836.333333	M	Trad	M_Trad
148	586	session-1	0.666667	1.0	22808.222222	17474.444444	6409.888889	3838.666667	12559.666667	7528.0	2225.0	7721.444444	M	Trad	M_Trad
149	587	session-0	0.555556	1.0	25374.0	13760.777778	5837.666667	5707.777778	13828.555556	6131.0	2404.333333	5225.444444	M	Trad	M_Trad
150	587	session-1	0.777778	1.0	18411.0	14795.777778	5421.222222	3945.111111	9044.666667	5938.333333	2696.333333	6161.111111	M	Trad	M_Trad
151	588	session-0	0.222222	1.0	20352.888889	16987.777778	6512.444444	4803.666667	9036.777778	6640.0	3047.444444	7300.333333	F	Trad	F_Trad
152	588	session-1	0.555556	0.888889	19129.111111	20278.333333	5460.777778	3972.333333	9696.0	6148.0	3536.888889	10593.444444	F	Trad	F_Trad
153	589	session-0	0.0	1.0	19769.222222	16531.0	7116.111111	4925.666667	7727.444444	6215.777778	2960.111111	7355.111111	F	Mod	F_Mod
154	589	session-1	0.555556	1.0	19627.222222	14294.444444	5677.0	5143.444444	8806.777778	4956.888889	2206.0	7131.555556	F	Mod	F_Mod
155	590	session-0	0.555556	1.0	22989.888889	18794.333333	8937.555556	5902.333333	8150.0	8856.222222	2825.444444	7112.666667	F	Mod	F_Mod
156	591	session-0	0.222222	0.888889	23498.555556	15718.666667	7753.888889	5007.777778	10736.888889	6278.777778	3310.777778	6129.111111	F	Mod	F_Mod
157	591	session-1	0.555556	1.0	25282.555556	14209.555556	6160.333333	7668.333333	11453.888889	7021.222222	2538.0	4650.333333	F	Mod	F_Mod
158	592	session-0	0.333333	1.0	27011.111111	25562.888889	11503.666667	11304.888889	4202.555556	11777.222222	11005.0	2780.666667	F	Trad	F_Trad
159	592	session-1	0.444444	1.0	20850.444444	14153.444444	5053.333333	5811.222222	9985.888889	6367.777778	2242.111111	5543.555556	F	Trad	F_Trad
160	593	session-0	0.333333	1.0	26819.222222	20071.0	8219.666667	6651.444444	11948.111111	8266.444444	4828.0	6976.555556	F	Trad	F_Trad
161	593	session-1	0.333333	1.0	21052.555556	14441.222222	5606.333333	4426.888889	11019.333333	6084.444444	2001.444444	6355.333333	F	Trad	F_Trad
162	594	session-0	0.444444	1.0	17596.888889	15037.777778	5920.0	5200.666667	6476.222222	6734.888889	2310.0	5992.888889	M	Mod	M_Mod
163	594	session-1	0.666667	1.0	15650.333333	14200.777778	6151.555556	4185.333333	5313.444444	6256.555556	2203.444444	5740.777778	M	Mod	M_Mod
164	595	session-0	0.444444	1.0	18798.333333	16134.666667	7620.777778	4186.333333	6991.222222	9028.222222	2068.888889	5037.555556	M	Mod	M_Mod
165	595	session-1	0.444444	1.0	22355.555556	23385.222222	10077.444444	5137.0	7141.111111	12112.0	4743.111111	6530.111111	M	Mod	M_Mod
166	596	session-0	0.555556	1.0	28823.333333	21748.333333	9057.888889	10164.666667	9600.777778	9356.444444	4826.777778	7565.111111	M	Mod	M_Mod
167	596	session-1	0.777778	1.0	18930.111111	18673.666667	6705.777778	4949.888889	7274.444444	8824.333333	3398.777778	6450.555556	M	Mod	M_Mod
168	597	session-0	0.555556	1.0	19721.0	18990.222222	8625.777778	5985.666667	5109.555556	9321.888889	4744.333333	4924.0	M	Trad	M_Trad
169	597	session-1	0.444444	0.888889	20041.222222	19954.888889	8802.333333	6583.777778	4655.111111	10812.444444	4811.111111	4331.333333	M	Trad	M_Trad
170	598	session-0	0.777778	1.0	21800.555556	14157.222222	5875.888889	4987.222222	10937.444444	4825.666667	2844.0	6487.555556	M	Trad	M_Trad
171	598	session-1	0.888889	1.0	21065.0	11413.333333	3886.111111	5367.0	11811.888889	3865.555556	2001.777778	5546.0	M	Trad	M_Trad
172	604	session-0	0.111111	1.0	19372.444444	16467.333333	7134.777778	4259.111111	7978.555556	7491.111111	3233.888889	5742.333333	M	Mod	M_Mod
173	604	session-1	0.222222	0.888889	19081.0	14283.666667	7340.0	3798.666667	7942.333333	7392.111111	2283.888889	4607.666667	M	Mod	M_Mod
174	605	session-0	0.666667	1.0	27338.222222	19203.555556	9347.0	6077.333333	11913.888889	8131.222222	3829.777778	7242.555556	F	Trad	F_Trad
175	605	session-1	0.111111	1.0	27751.333333	16876.666667	7828.333333	6933.222222	12989.777778	7691.333333	3779.0	5406.333333	F	Trad	F_Trad
176	606	session-0	0.777778	0.888889	25676.444444	17995.0	7315.111111	6827.0	11534.333333	7410.888889	3614.666667	6969.444444	M	Trad	M_Trad
177	606	session-1	0.777778	1.0	23717.777778	12892.666667	6359.111111	5032.111111	12326.555556	5792.888889	2245.111111	4854.666667	M	Trad	M_Trad
178	607	session-0	1.0	1.0	24751.111111	15635.0	8584.888889	7262.444444	8903.777778	7097.222222	3115.333333	5422.444444	M	Trad	M_Trad
179	607	session-1	1.0	1.0	12944.888889	13042.888889	5199.333333	3325.555556	4420.0	6688.777778	1752.444444	4601.666667	M	Trad	M_Trad
180	608	session-0	0.444444	0.888889	19771.555556	16637.444444	5875.111111	4761.333333	9135.111111	5681.666667	3064.111111	7891.666667	M	Trad	M_Trad
181	608	session-1	0.666667	1.0	15288.888889	16195.222222	5178.888889	3408.666667	6701.333333	5516.222222	2640.666667	8038.333333	M	Trad	M_Trad
182	609	session-0	0.666667	1.0	24009.888889	16550.222222	8044.0	8201.888889	7764.0	8341.222222	3336.222222	4872.777778	M	Mod	M_Mod
183	609	session-1	0.888889	1.0	18911.666667	14418.0	7079.555556	4575.555556	7256.555556	7577.111111	2675.0	4165.888889	M	Mod	M_Mod
184	610	session-0	0.333333	1.0	15456.777778	12728.333333	6550.444444	4911.111111	3995.222222	6248.888889	2981.333333	3498.111111	M	Mod	M_Mod
185	610	session-1	0.555556	0.888889	15680.333333	13146.666667	7129.444444	5419.111111	3131.777778	6898.888889	3155.0	3092.777778	M	Mod	M_Mod
186	611	session-0	0.555556	0.888889	20432.0	15592.111111	5907.333333	5794.222222	8730.444444	7145.777778	2596.111111	5850.222222	M	Trad	M_Trad
187	612	session-0	0.444444	1.0	23029.777778	14514.666667	6691.444444	6212.333333	10126.0	7126.222222	2829.333333	4559.111111	M	Mod	M_Mod
188	612	session-1	0.777778	1.0	17821.222222	13291.666667	5569.111111	2882.222222	9369.888889	6113.666667	2157.888889	5020.111111	M	Mod	M_Mod
189	613	session-0	0.777778	1.0	24057.888889	14539.333333	8103.0	7116.555556	8838.333333	7035.444444	2397.777778	5106.111111	M	Trad	M_Trad
190	613	session-1	0.666667	1.0	13639.222222	16104.888889	5948.666667	3499.111111	4191.444444	7721.777778	2094.666667	6288.444444	M	Trad	M_Trad
191	614	session-0	0.666667	1.0	21522.666667	19615.111111	6413.555556	5384.888889	9724.222222	6498.111111	2507.777778	10609.222222	F	Trad	F_Trad
192	614	session-1	0.555556	0.888889	23791.888889	20776.555556	7228.333333	3789.111111	12774.444444	7706.888889	2839.444444	10230.222222	F	Trad	F_Trad
193	615	session-0	0.333333	1.0	17633.111111	16161.777778	8121.444444	5008.555556	4503.111111	7602.333333	3558.555556	5000.888889	F	Trad	F_Trad
194	615	session-1	0.777778	1.0	23034.555556	19849.444444	10817.666667	5510.888889	6706.0	10313.0	4966.888889	4569.555556	F	Trad	F_Trad
195	616	session-0	0.111111	1.0	21254.555556	15403.111111	8392.666667	5668.222222	7193.666667	7694.444444	3598.666667	4110.0	F	Trad	F_Trad
196	617	session-0	0.666667	1.0	17410.888889	12902.222222	5718.333333	4011.333333	7681.222222	5461.777778	2470.0	4970.444444	M	Trad	M_Trad
197	617	session-1	0.777778	0.888889	13151.111111	11660.0	4468.222222	3055.666667	5627.222222	4686.666667	2005.444444	4967.888889	M	Trad	M_Trad
198	618	session-0	0.111111	0.777778	38192.555556	27768.0	11441.666667	10326.555556	16424.333333	12493.888889	5146.444444	10127.666667	F	Mod	F_Mod
199	618	session-1	0.333333	1.0	28183.666667	23745.555556	10934.555556	8836.333333	8412.777778	11376.888889	5806.444444	6562.222222	F	Mod	F_Mod
200	619	session-0	0.555556	1.0	18990.444444	13008.444444	5289.555556	5565.666667	8135.222222	5099.222222	2466.888889	5442.333333	M	Trad	M_Trad
201	619	session-1	0.777778	1.0	13231.888889	11991.222222	4356.444444	3182.0	5693.444444	5561.888889	2055.666667	4373.666667	M	Trad	M_Trad
202	620	session-0	0.666667	1.0	17171.444444	12958.777778	6260.333333	4671.333333	6239.777778	6007.666667	2801.777778	4149.333333	M	Mod	M_Mod
203	620	session-1	0.777778	1.0	23056.555556	14355.555556	7287.222222	6556.0	9213.333333	7236.444444	2198.777778	4920.333333	M	Mod	M_Mod
204	621	session-0	0.111111	1.0	21170.0	14804.222222	6369.444444	4021.444444	10779.111111	6354.444444	3032.777778	5417.0	M	Mod	M_Mod
205	621	session-1	0.555556	0.888889	24079.111111	14095.222222	5434.666667	4763.333333	13881.111111	6475.444444	1926.777778	5693.0	M	Mod	M_Mod
206	622	session-0	0.666667	0.888889	16465.111111	12742.555556	6195.888889	5654.555556	4614.666667	5922.0	2729.555556	4091.0	M	Mod	M_Mod
207	622	session-1	0.555556	1.0	12765.0	13014.0	5393.555556	3400.666667	3970.777778	5053.777778	2854.555556	5105.666667	M	Mod	M_Mod
208	623	session-0	0.666667	1.0	33451.666667	19354.222222	10547.555556	6451.555556	16452.555556	8510.444444	3640.666667	7203.111111	F	Mod	F_Mod
209	623	session-1	0.777778	1.0	20219.0	14381.444444	7022.222222	5346.333333	7850.444444	6564.666667	2280.555556	5536.222222	F	Mod	F_Mod
210	624	session-0	0.333333	1.0	24196.666667	18048.333333	7562.333333	6328.111111	10306.222222	6796.777778	3738.555556	7513.0	M	Trad	M_Trad
211	624	session-1	0.333333	0.888889	17889.222222	15596.666667	4837.777778	4424.666667	8626.777778	5520.555556	3231.0	6845.111111	M	Trad	M_Trad
212	625	session-0	0.333333	1.0	22702.666667	18807.111111	6969.777778	6596.888889	9136.0	7651.888889	4149.222222	7006.0	F	Trad	F_Trad
213	625	session-1	0.555556	1.0	28348.444444	19924.111111	7451.111111	6595.333333	14302.0	8013.0	3675.888889	8235.222222	F	Trad	F_Trad
214	626	session-0	0.666667	1.0	25342.666667	19788.666667	9335.222222	7181.666667	8825.777778	9785.0	4253.666667	5750.0	M	Mod	M_Mod
215	626	session-1	0.777778	1.0	21940.333333	13942.777778	6090.111111	5924.111111	9926.111111	5908.777778	2593.555556	5440.444444	M	Mod	M_Mod
216	627	session-0	0.666667	1.0	28728.666667	23295.333333	7547.444444	7046.111111	14135.111111	7352.777778	4488.444444	11454.111111	M	Trad	M_Trad
217	627	session-1	0.777778	1.0	27122.333333	20662.333333	7626.333333	5399.777778	14096.222222	6307.666667	2693.333333	11661.333333	M	Trad	M_Trad
218	628	session-0	0.444444	1.0	15357.111111	12813.777778	5468.666667	3988.111111	5900.333333	3253.222222	2812.111111	6748.444444	M	Mod	M_Mod
219	629	session-0	0.888889	1.0	20612.111111	18333.111111	6700.0	5198.888889	8713.222222	6646.333333	2827.888889	8858.888889	M	Mod	M_Mod
220	629	session-1	0.888889	0.888889	23419.0	16689.555556	6798.555556	5208.777778	11411.666667	6326.444444	3548.666667	6814.444444	M	Mod	M_Mod
221	630	session-0	0.666667	1.0	32453.555556	24241.777778	8568.777778	8070.0	15814.777778	8756.111111	3963.444444	11522.222222	M	Mod	M_Mod
222	630	session-1	0.666667	1.0	21591.444444	20150.888889	8693.222222	5011.222222	7887.0	7816.888889	3703.888889	8630.111111	M	Mod	M_Mod
223	631	session-0	0.222222	0.888889	18604.444444	15656.444444	5866.888889	5683.0	7054.555556	5944.444444	2964.333333	6747.666667	F	Mod	F_Mod
224	631	session-1	0.444444	1.0	27858.888889	15690.777778	7442.333333	8681.222222	11735.333333	7516.444444	3221.333333	4953.0	F	Mod	F_Mod
225	633	session-0	0.777778	1.0	16797.444444	15489.666667	5864.111111	3807.0	7126.333333	5779.111111	2224.777778	7485.777778	M	Mod	M_Mod
226	633	session-1	0.888889	1.0	12605.333333	11826.444444	3903.888889	3326.555556	5374.888889	5577.555556	1685.555556	4563.333333	M	Mod	M_Mod
227	634	session-0	1.0	1.0	24296.555556	19921.888889	8427.0	6250.555556	9619.0	8182.111111	3154.111111	8585.666667	F	Trad	F_Trad
228	634	session-1	1.0	1.0	19441.111111	18159.555556	7079.444444	4504.222222	7857.444444	7817.777778	2652.555556	7689.222222	F	Trad	F_Trad
